{
 "cells": [
  {
   "cell_type": "code",
   "execution_count": 1,
   "metadata": {},
   "outputs": [
    {
     "name": "stderr",
     "output_type": "stream",
     "text": [
      "/Users/licongxu/envs/jax_env/lib/python3.12/site-packages/jax/_src/api_util.py:691: DeprecationWarning: Passing arguments 'a', 'a_min' or 'a_max' to jax.numpy.clip is deprecated. Please use 'arr', 'min' or 'max' respectively instead.\n",
      "  ans = _fun(*args, **kwargs)\n",
      "/Users/licongxu/envs/jax_env/lib/python3.12/site-packages/tensorflow_probability/python/__init__.py:57: DeprecationWarning: distutils Version classes are deprecated. Use packaging.version instead.\n",
      "  if (distutils.version.LooseVersion(tf.__version__) <\n",
      "/Users/licongxu/envs/jax_env/lib/python3.12/site-packages/tensorflow_probability/python/__init__.py:58: DeprecationWarning: distutils Version classes are deprecated. Use packaging.version instead.\n",
      "  distutils.version.LooseVersion(required_tensorflow_version)):\n"
     ]
    }
   ],
   "source": [
    "# !export JAX_PLATFORMS=cpu\n",
    "import tszpower\n",
    "import jax\n",
    "import jax.numpy as jnp\n",
    "import candl\n",
    "import candl.interface\n",
    "import candl.tools\n",
    "import candl.plots\n",
    "import candl.data\n",
    "# from classy_sz import Class as Class_sz\n",
    "candl.plots.set_plot_style()# Set the plot style (font sizes, tick widths, ...)\n",
    "\n",
    "import optax\n",
    "import blackjax\n",
    "from datetime import date\n",
    "\n",
    "from tqdm.notebook import tqdm\n",
    "import matplotlib.pyplot as plt\n",
    "%matplotlib inline\n",
    "from copy import deepcopy\n",
    "from getdist import MCSamples"
   ]
  },
  {
   "cell_type": "code",
   "execution_count": 2,
   "metadata": {},
   "outputs": [
    {
     "name": "stdout",
     "output_type": "stream",
     "text": [
      "[1.40e+00 6.60e-01 2.04e+00 4.00e-04]\n"
     ]
    }
   ],
   "source": [
    "# Define your parameter dictionaries:\n",
    "cosmo_params = {\n",
    "    \"omega_b\": 0.0224,\n",
    "    \"omega_cdm\": 0.12,\n",
    "    \"H0\": 69.,\n",
    "    # \"tau_reio\": 0.06,\n",
    "    \"ln10_10A_s\": 3.05321,\n",
    "    \"n_s\": 0.96,\n",
    "    \"B\": 1.41,\n",
    "}\n",
    "\n",
    "nuisance_params = {\n",
    "    \"A_cib\": 0.66,\n",
    "    \"A_ir\": 2.04,\n",
    "    \"A_rs\": 0.0004,\n",
    "}\n",
    "\n",
    "# classy_sz = Class_sz()\n",
    "# classy_sz.set(all_params)\n",
    "\n",
    "\n",
    "all_params = {\n",
    "    # \"omega_b\": 0.0224,\n",
    "    # \"omega_cdm\": 0.12,\n",
    "    # \"H0\": 69.,\n",
    "    # \"tau_reio\": 0.06,\n",
    "    # \"ln10_10A_s\": 3.055,\n",
    "    # \"n_s\": 0.96,\n",
    "    \"B\": 1.4,\n",
    "    \"A_cib\": 0.66,\n",
    "    \"A_ir\": 2.04,\n",
    "    \"A_rs\": 0.0004,\n",
    "}\n",
    "\n",
    "\n",
    "# print(all_params)\n",
    "# Preserve the order of parameters\n",
    "param_names = list(cosmo_params.keys()) + list(nuisance_params.keys())\n",
    "\n",
    "# Convert dictionary to list\n",
    "# all_params_list = jnp.array([cosmo_params[p] for p in cosmo_params] + \n",
    "#                            [nuisance_params[p] for p in nuisance_params])\n",
    "all_params_list = jnp.array([all_params[p] for p in all_params])\n",
    "print(all_params_list)\n",
    "\n",
    "# loglike = tszpower.likelihood(all_params)\n",
    "# print(\"Log-likelihood:\", loglike)"
   ]
  },
  {
   "cell_type": "code",
   "execution_count": 3,
   "metadata": {},
   "outputs": [],
   "source": [
    "# Wrap the likelihood function.\n",
    "@jax.jit\n",
    "def loglike_pytree(allparams):\n",
    "    omega_b = 0.0224\n",
    "    omega_cdm = 0.12\n",
    "    omega_m = {'omega_b': omega_b, 'omega_cdm': omega_cdm,\n",
    "                   \"H0\": 69.,\n",
    "    # \"tau_reio\": 0.06,\n",
    "    \"ln10_10A_s\": 3.055,\n",
    "    \"n_s\": 0.96,}\n",
    "    all_params = {**omega_m, **allparams}\n",
    "    # Here the likelihood function is assumed to be jax-compatible.\n",
    "    return tszpower.likelihood(all_params)\n"
   ]
  },
  {
   "cell_type": "code",
   "execution_count": 4,
   "metadata": {},
   "outputs": [
    {
     "data": {
      "text/plain": [
       "Array(-335.23551732, dtype=float64)"
      ]
     },
     "execution_count": 4,
     "metadata": {},
     "output_type": "execute_result"
    }
   ],
   "source": [
    "loglike_pytree(all_params)"
   ]
  },
  {
   "cell_type": "code",
   "execution_count": 5,
   "metadata": {},
   "outputs": [],
   "source": [
    "jacobian_loglike = jax.jacfwd(loglike_pytree)\n",
    "jac_val = jacobian_loglike(all_params)"
   ]
  },
  {
   "cell_type": "code",
   "execution_count": 6,
   "metadata": {},
   "outputs": [
    {
     "data": {
      "text/plain": [
       "{'A_cib': Array(-2157.24929069, dtype=float64),\n",
       " 'A_ir': Array(-612.90915678, dtype=float64),\n",
       " 'A_rs': Array(-539.82039129, dtype=float64),\n",
       " 'B': Array(5269.15752841, dtype=float64)}"
      ]
     },
     "execution_count": 6,
     "metadata": {},
     "output_type": "execute_result"
    }
   ],
   "source": [
    "jac_val"
   ]
  },
  {
   "cell_type": "code",
   "execution_count": 7,
   "metadata": {},
   "outputs": [],
   "source": [
    "hess_loglike = jax.hessian(loglike_pytree)\n",
    "hess_val = hess_loglike(all_params)\n"
   ]
  },
  {
   "cell_type": "code",
   "execution_count": 8,
   "metadata": {},
   "outputs": [
    {
     "data": {
      "text/plain": [
       "{'A_cib': {'A_cib': Array(-5940.43446562, dtype=float64, weak_type=True),\n",
       "  'A_ir': Array(-1539.8140865, dtype=float64, weak_type=True),\n",
       "  'A_rs': Array(-1455.67562843, dtype=float64, weak_type=True),\n",
       "  'B': Array(15233.09918482, dtype=float64, weak_type=True)},\n",
       " 'A_ir': {'A_cib': Array(-1539.8140865, dtype=float64, weak_type=True),\n",
       "  'A_ir': Array(-490.11459468, dtype=float64, weak_type=True),\n",
       "  'A_rs': Array(-393.00550173, dtype=float64, weak_type=True),\n",
       "  'B': Array(3690.22268941, dtype=float64, weak_type=True)},\n",
       " 'A_rs': {'A_cib': Array(-1455.67562843, dtype=float64, weak_type=True),\n",
       "  'A_ir': Array(-393.00550173, dtype=float64, weak_type=True),\n",
       "  'A_rs': Array(-361.06582314, dtype=float64, weak_type=True),\n",
       "  'B': Array(3732.30248465, dtype=float64, weak_type=True)},\n",
       " 'B': {'A_cib': Array(15233.09918482, dtype=float64, weak_type=True),\n",
       "  'A_ir': Array(3690.22268941, dtype=float64, weak_type=True),\n",
       "  'A_rs': Array(3732.30248465, dtype=float64, weak_type=True),\n",
       "  'B': Array(-59825.75550512, dtype=float64, weak_type=True)}}"
      ]
     },
     "execution_count": 8,
     "metadata": {},
     "output_type": "execute_result"
    }
   ],
   "source": [
    "hess_val"
   ]
  },
  {
   "cell_type": "code",
   "execution_count": 9,
   "metadata": {},
   "outputs": [
    {
     "data": {
      "application/vnd.jupyter.widget-view+json": {
       "model_id": "8a4e154f22b3448bac8b3d31e0419664",
       "version_major": 2,
       "version_minor": 0
      },
      "text/plain": [
       "  0%|          | 0/20 [00:00<?, ?it/s]"
      ]
     },
     "metadata": {},
     "output_type": "display_data"
    }
   ],
   "source": [
    "# We want to minimise all parameters - cosmological ones and nuisance parameters\n",
    "# cosmo_pars_for_min = [\"omega_b\", \"omega_cdm\", \"H0\", \"ln10_10A_s\", \"n_s\", \"B\"]\n",
    "cosmo_pars_for_min = [ \"B\"]\n",
    "# cosmo_pars_for_min = [\"B\"]\n",
    "nuisance_pars_for_min = [\"A_cib\", \"A_ir\", \"A_rs\"] \n",
    "pars_for_min = cosmo_pars_for_min + nuisance_pars_for_min\n",
    "\n",
    "\n",
    "# Set the fiducial starting point\n",
    "starting_pars = deepcopy(all_params)\n",
    "\n",
    "# Step through minimiser\n",
    "newton_points, newton_par_covs = candl.tools.newton_raphson_minimiser(like_deriv = jacobian_loglike ,# Derivative function\n",
    "                                                                 like_hess = hess_loglike,# Hessian function\n",
    "                                                                 starting_pars = starting_pars,# Start point\n",
    "                                                                 pars_for_min = pars_for_min,# Which parameters to minimise\n",
    "                                                                 N_newton = 20,# How many steps to take\n",
    "                                                                 show_progress = True)# Show loading bars"
   ]
  },
  {
   "cell_type": "code",
   "execution_count": 10,
   "metadata": {},
   "outputs": [
    {
     "name": "stdout",
     "output_type": "stream",
     "text": [
      "Newton points: [{'B': 1.4, 'A_cib': 0.66, 'A_ir': 2.04, 'A_rs': 0.0004}, {'B': Array(1.39828655, dtype=float64), 'A_cib': Array(0.66828277, dtype=float64), 'A_ir': Array(1.97487999, dtype=float64), 'A_rs': Array(-0.27883909, dtype=float64)}, {'B': Array(1.39628798, dtype=float64), 'A_cib': Array(0.67620246, dtype=float64), 'A_ir': Array(1.92752639, dtype=float64), 'A_rs': Array(-0.5192131, dtype=float64)}, {'B': Array(1.39399222, dtype=float64), 'A_cib': Array(0.68398731, dtype=float64), 'A_ir': Array(1.89495642, dtype=float64), 'A_rs': Array(-0.73053599, dtype=float64)}, {'B': Array(1.39140176, dtype=float64), 'A_cib': Array(0.69180136, dtype=float64), 'A_ir': Array(1.87470815, dtype=float64), 'A_rs': Array(-0.9203977, dtype=float64)}, {'B': Array(1.38853843, dtype=float64), 'A_cib': Array(0.69973408, dtype=float64), 'A_ir': Array(1.86467693, dtype=float64), 'A_rs': Array(-1.09436462, dtype=float64)}, {'B': Array(1.38544691, dtype=float64), 'A_cib': Array(0.70780873, dtype=float64), 'A_ir': Array(1.86298312, dtype=float64), 'A_rs': Array(-1.25620906, dtype=float64)}, {'B': Array(1.3821938, dtype=float64), 'A_cib': Array(0.71597088, dtype=float64), 'A_ir': Array(1.86788297, dtype=float64), 'A_rs': Array(-1.40806507, dtype=float64)}, {'B': Array(1.37886367, dtype=float64), 'A_cib': Array(0.72412017, dtype=float64), 'A_ir': Array(1.87773761, dtype=float64), 'A_rs': Array(-1.55079669, dtype=float64)}, {'B': Array(1.37554954, dtype=float64), 'A_cib': Array(0.73210612, dtype=float64), 'A_ir': Array(1.89101379, dtype=float64), 'A_rs': Array(-1.68426558, dtype=float64)}, {'B': Array(1.37234294, dtype=float64), 'A_cib': Array(0.7397716, dtype=float64), 'A_ir': Array(1.90632019, dtype=float64), 'A_rs': Array(-1.80780961, dtype=float64)}, {'B': Array(1.36932266, dtype=float64), 'A_cib': Array(0.74697085, dtype=float64), 'A_ir': Array(1.92247647, dtype=float64), 'A_rs': Array(-1.92064018, dtype=float64)}, {'B': Array(1.36654769, dtype=float64), 'A_cib': Array(0.75358452, dtype=float64), 'A_ir': Array(1.93853393, dtype=float64), 'A_rs': Array(-2.02211763, dtype=float64)}, {'B': Array(1.36405609, dtype=float64), 'A_cib': Array(0.75953108, dtype=float64), 'A_ir': Array(1.95379193, dtype=float64), 'A_rs': Array(-2.11192403, dtype=float64)}, {'B': Array(1.36186351, dtype=float64), 'A_cib': Array(0.76477574, dtype=float64), 'A_ir': Array(1.96779518, dtype=float64), 'A_rs': Array(-2.19018901, dtype=float64)}, {'B': Array(1.35996689, dtype=float64), 'A_cib': Array(0.76932871, dtype=float64), 'A_ir': Array(1.98030316, dtype=float64), 'A_rs': Array(-2.25747448, dtype=float64)}, {'B': Array(1.35834985, dtype=float64), 'A_cib': Array(0.77322199, dtype=float64), 'A_ir': Array(1.99123124, dtype=float64), 'A_rs': Array(-2.31460124, dtype=float64)}, {'B': Array(1.35698744, dtype=float64), 'A_cib': Array(0.77651119, dtype=float64), 'A_ir': Array(2.00061733, dtype=float64), 'A_rs': Array(-2.3626009, dtype=float64)}, {'B': Array(1.35585064, dtype=float64), 'A_cib': Array(0.77926393, dtype=float64), 'A_ir': Array(2.00856905, dtype=float64), 'A_rs': Array(-2.40258618, dtype=float64)}, {'B': Array(1.35490981, dtype=float64), 'A_cib': Array(0.78154695, dtype=float64), 'A_ir': Array(2.01522831, dtype=float64), 'A_rs': Array(-2.43563914, dtype=float64)}, {'B': Array(1.35413648, dtype=float64), 'A_cib': Array(0.783427, dtype=float64), 'A_ir': Array(2.0207534, dtype=float64), 'A_rs': Array(-2.46278757, dtype=float64)}]\n",
      "Newton covariances: [array([[ 5.30232245e-05, -1.07384284e-04, -3.93457801e-04,\n",
      "         1.40929007e-03],\n",
      "       [-1.07384284e-04,  2.53601047e-02,  1.87955141e-02,\n",
      "        -1.23810160e-01],\n",
      "       [-3.93457801e-04,  1.87955141e-02,  3.18442485e-02,\n",
      "        -1.14504441e-01],\n",
      "       [ 1.40929007e-03, -1.23810160e-01, -1.14504441e-01,\n",
      "         6.41124665e-01]]), array([[ 6.35810051e-05, -1.29409410e-04, -4.74254524e-04,\n",
      "         1.69857767e-03],\n",
      "       [-1.29409410e-04,  2.54060198e-02,  1.89639437e-02,\n",
      "        -1.24413217e-01],\n",
      "       [-4.74254524e-04,  1.89639437e-02,  3.24620955e-02,\n",
      "        -1.16716624e-01],\n",
      "       [ 1.69857767e-03, -1.24413217e-01, -1.16716624e-01,\n",
      "         6.49045322e-01]]), array([[ 7.55567313e-05, -1.54713974e-04, -5.67053383e-04,\n",
      "         2.03080214e-03],\n",
      "       [-1.54713974e-04,  2.54594273e-02,  1.91597998e-02,\n",
      "        -1.25114401e-01],\n",
      "       [-5.67053383e-04,  1.91597998e-02,  3.31803391e-02,\n",
      "        -1.19288005e-01],\n",
      "       [ 2.03080214e-03, -1.25114401e-01, -1.19288005e-01,\n",
      "         6.58251108e-01]]), array([[ 8.88440843e-05, -1.83263472e-04, -6.71505073e-04,\n",
      "         2.40500478e-03],\n",
      "       [-1.83263472e-04,  2.55206541e-02,  1.93838208e-02,\n",
      "        -1.25916955e-01],\n",
      "       [-6.71505073e-04,  1.93838208e-02,  3.40000003e-02,\n",
      "        -1.22224439e-01],\n",
      "       [ 2.40500478e-03, -1.25916955e-01, -1.22224439e-01,\n",
      "         6.68770878e-01]]), array([[ 1.03233704e-04, -2.14591483e-04, -7.86517048e-04,\n",
      "         2.81654211e-03],\n",
      "       [-2.14591483e-04,  2.55886972e-02,  1.96336010e-02,\n",
      "        -1.26810757e-01],\n",
      "       [-7.86517048e-04,  1.96336010e-02,  3.49169195e-02,\n",
      "        -1.25505505e-01],\n",
      "       [ 2.81654211e-03, -1.26810757e-01, -1.25505505e-01,\n",
      "         6.80511704e-01]]), array([[ 1.18363614e-04, -2.48277169e-04, -9.09835918e-04,\n",
      "         3.25811126e-03],\n",
      "       [-2.48277169e-04,  2.56634080e-02,  1.99071249e-02,\n",
      "        -1.27790172e-01],\n",
      "       [-9.09835918e-04,  1.99071249e-02,  3.59183177e-02,\n",
      "        -1.29091240e-01],\n",
      "       [ 3.25811126e-03, -1.27790172e-01, -1.29091240e-01,\n",
      "         6.93351241e-01]]), array([[ 1.33764393e-04, -2.83077087e-04, -1.03799443e-03,\n",
      "         3.71632465e-03],\n",
      "       [-2.83077087e-04,  2.57416848e-02,  2.01953128e-02,\n",
      "        -1.28820644e-01],\n",
      "       [-1.03799443e-03,  2.01953128e-02,  3.69793055e-02,\n",
      "        -1.32885032e-01],\n",
      "       [ 3.71632465e-03, -1.28820644e-01, -1.32885032e-01,\n",
      "         7.06916740e-01]]), array([[ 1.48911180e-04, -3.18377228e-04, -1.16727122e-03,\n",
      "         4.17912557e-03],\n",
      "       [-3.18377228e-04,  2.58233282e-02,  2.04943372e-02,\n",
      "        -1.29891137e-01],\n",
      "       [-1.16727122e-03,  2.04943372e-02,  3.80745005e-02,\n",
      "        -1.36805775e-01],\n",
      "       [ 4.17912557e-03, -1.29891137e-01, -1.36805775e-01,\n",
      "         7.20952810e-01]]), array([[ 1.63293898e-04, -3.52564192e-04, -1.29332514e-03,\n",
      "         4.62939264e-03],\n",
      "       [-3.52564192e-04,  2.59038402e-02,  2.07910605e-02,\n",
      "        -1.30951240e-01],\n",
      "       [-1.29332514e-03,  2.07910605e-02,  3.91680345e-02,\n",
      "        -1.40712684e-01],\n",
      "       [ 4.62939264e-03, -1.30951240e-01, -1.40712684e-01,\n",
      "         7.34911106e-01]]), array([[ 1.76480216e-04, -3.84910289e-04, -1.41209448e-03,\n",
      "         5.05439700e-03],\n",
      "       [-3.84910289e-04,  2.59821312e-02,  2.10785047e-02,\n",
      "        -1.31979861e-01],\n",
      "       [-1.41209448e-03,  2.10785047e-02,  4.02233808e-02,\n",
      "        -1.44489246e-01],\n",
      "       [ 5.05439700e-03, -1.31979861e-01, -1.44489246e-01,\n",
      "         7.48425556e-01]]), array([[ 1.88184316e-04, -4.14633430e-04, -1.52098626e-03,\n",
      "         5.44391907e-03],\n",
      "       [-4.14633430e-04,  2.60562038e-02,  2.13499162e-02,\n",
      "        -1.32950809e-01],\n",
      "       [-1.52098626e-03,  2.13499162e-02,  4.12178651e-02,\n",
      "        -1.48046918e-01],\n",
      "       [ 5.44391907e-03, -1.32950809e-01, -1.48046918e-01,\n",
      "         7.61152776e-01]]), array([[ 1.98271712e-04, -4.40974076e-04, -1.61752618e-03,\n",
      "         5.78955699e-03],\n",
      "       [-4.40974076e-04,  2.61233926e-02,  2.15961945e-02,\n",
      "        -1.33832516e-01],\n",
      "       [-1.61752618e-03,  2.15961945e-02,  4.21205897e-02,\n",
      "        -1.51278784e-01],\n",
      "       [ 5.78955699e-03, -1.33832516e-01, -1.51278784e-01,\n",
      "         7.72723258e-01]]), array([[ 2.06783659e-04, -4.63758203e-04, -1.70159939e-03,\n",
      "         6.08985862e-03],\n",
      "       [-4.63758203e-04,  2.61827073e-02,  2.18148851e-02,\n",
      "        -1.34613880e-01],\n",
      "       [-1.70159939e-03,  2.18148851e-02,  4.29268719e-02,\n",
      "        -1.54159591e-01],\n",
      "       [ 6.08985862e-03, -1.34613880e-01, -1.54159591e-01,\n",
      "         7.83016211e-01]]), array([[ 2.13803844e-04, -4.83045395e-04, -1.77310897e-03,\n",
      "         6.34482774e-03],\n",
      "       [-4.83045395e-04,  2.62339675e-02,  2.20046427e-02,\n",
      "        -1.35290843e-01],\n",
      "       [-1.77310897e-03,  2.20046427e-02,  4.36292747e-02,\n",
      "        -1.56665488e-01],\n",
      "       [ 6.34482774e-03, -1.35290843e-01, -1.56665488e-01,\n",
      "         7.91956182e-01]]), array([[ 2.19551165e-04, -4.99677200e-04, -1.83354239e-03,\n",
      "         6.56132343e-03],\n",
      "       [-4.99677200e-04,  2.62798437e-02,  2.21716361e-02,\n",
      "        -1.35888959e-01],\n",
      "       [-1.83354239e-03,  2.21716361e-02,  4.42371047e-02,\n",
      "        -1.58842554e-01],\n",
      "       [ 6.56132343e-03, -1.35888959e-01, -1.58842554e-01,\n",
      "         7.99753775e-01]]), array([[ 2.24157474e-04, -5.13113425e-04, -1.88302615e-03,\n",
      "         6.73836171e-03],\n",
      "       [-5.13113425e-04,  2.63171822e-02,  2.23090606e-02,\n",
      "        -1.36380642e-01],\n",
      "       [-1.88302615e-03,  2.23090606e-02,  4.47428906e-02,\n",
      "        -1.60652177e-01],\n",
      "       [ 6.73836171e-03, -1.36380642e-01, -1.60652177e-01,\n",
      "         8.06228329e-01]]), array([[ 2.27847074e-04, -5.24108855e-04, -1.92385500e-03,\n",
      "         6.88367790e-03],\n",
      "       [-5.24108855e-04,  2.63482164e-02,  2.24240492e-02,\n",
      "        -1.36790312e-01],\n",
      "       [-1.92385500e-03,  2.24240492e-02,  4.51689106e-02,\n",
      "        -1.62170019e-01],\n",
      "       [ 6.88367790e-03, -1.36790312e-01, -1.62170019e-01,\n",
      "         8.11636054e-01]]), array([[ 2.30813536e-04, -5.33400934e-04, -1.95746075e-03,\n",
      "         7.00412180e-03],\n",
      "       [-5.33400934e-04,  2.63752951e-02,  2.25222854e-02,\n",
      "        -1.37142270e-01],\n",
      "       [-1.95746075e-03,  2.25222854e-02,  4.55252433e-02,\n",
      "        -1.63446699e-01],\n",
      "       [ 7.00412180e-03, -1.37142270e-01, -1.63446699e-01,\n",
      "         8.16210180e-01]]), array([[ 2.33162834e-04, -5.40654157e-04, -1.98436136e-03,\n",
      "         7.10012989e-03],\n",
      "       [-5.40654157e-04,  2.63962867e-02,  2.25999757e-02,\n",
      "        -1.37419687e-01],\n",
      "       [-1.98436136e-03,  2.25999757e-02,  4.58127572e-02,\n",
      "        -1.64473372e-01],\n",
      "       [ 7.10012989e-03, -1.37419687e-01, -1.64473372e-01,\n",
      "         8.19876271e-01]]), array([[ 2.35028746e-04, -5.46536375e-04, -2.00616827e-03,\n",
      "         7.17782020e-03],\n",
      "       [-5.46536375e-04,  2.64135436e-02,  2.26638193e-02,\n",
      "        -1.37647341e-01],\n",
      "       [-2.00616827e-03,  2.26638193e-02,  4.60489382e-02,\n",
      "        -1.65315571e-01],\n",
      "       [ 7.17782020e-03, -1.37647341e-01, -1.65315571e-01,\n",
      "         8.22879443e-01]]), array([[ 2.36502235e-04, -5.51297905e-04, -2.02360538e-03,\n",
      "         7.24028808e-03],\n",
      "       [-5.51297905e-04,  2.64277282e-02,  2.27157911e-02,\n",
      "        -1.37833477e-01],\n",
      "       [-2.02360538e-03,  2.27157911e-02,  4.62393596e-02,\n",
      "        -1.65997561e-01],\n",
      "       [ 7.24028808e-03, -1.37833477e-01, -1.65997561e-01,\n",
      "         8.25321967e-01]])]\n",
      "Diagonal of the covariance matrix: [2.36502235e-04 2.64277282e-02 4.62393596e-02 8.25321967e-01]\n"
     ]
    }
   ],
   "source": [
    "print(\"Newton points:\", newton_points)\n",
    "print(\"Newton covariances:\", newton_par_covs)\n",
    "print(\"Diagonal of the covariance matrix:\", jnp.diag(newton_par_covs[-1]))"
   ]
  },
  {
   "cell_type": "code",
   "execution_count": 11,
   "metadata": {},
   "outputs": [
    {
     "data": {
